%
0.003 0.500000003620139  0.500000003620139  3.49814035655441
0.006 0.50000000605838  0.500000005916593  3.49438189668644
0.009 0.500000011214624  0.500000011053185  3.48880349082605
0.012 0.50000000405485  0.500000004051332  3.48153705306358
0.015 0.500000004766953  0.500000005102221  3.47265438016791
0.018 0.500000022572686  0.500000023277239  3.46223931318287
0.021 0.50000003556721  0.500000036466448  3.45039496293464
0.024 0.500000049455723  0.500000050427525  3.43719535417433
0.027 0.500000045707333  0.500000046721219  3.42273435804942
0.03 0.500000037356364  0.500000038546225  3.40709129036617
0.033 0.499999986480264  0.499999988002818  3.39036641579319
0.036 0.499999803003437  0.499999805095342  3.37262847647035
0.039 0.499999629924939  0.499999631446332  3.35396744911807
0.042 0.49999937578881  0.499999377417145  3.3344664810508
0.045 0.499998839849984  0.49999884083892  3.31420667018869
0.048 0.499998220278335  0.499998220422634  3.29325131087089
0.051 0.499997314786466  0.499997314068007  3.27164783949099
0.054 0.499996441417242  0.499996438648971  3.2494443393265
0.057 0.499995329426106  0.499995324152992  3.22667776341743
0.06 0.4999935518168  0.499993542538415  3.20337883333592
0.063 0.499991455250591  0.499991441875745  3.17954996437569
0.066 0.499989154557754  0.499989135144345  3.15522352055624
0.069 0.499987017538139  0.499986991314373  3.13037792640786
0.072 0.499983725955548  0.499983691765168  3.10503292119447
0.075 0.499979764347334  0.499979721978923  3.07915446704164
0.078 0.499975733310396  0.499975683264151  3.05277806915465
0.081 0.499972077585862  0.499972019339075  3.02585786272048
0.084 0.49996694313226  0.499966877333154  2.99840732343805
0.087 0.499961632314581  0.499961559222408  2.97039120130652
0.09 0.499956328480813  0.499956250227695  2.94182940292896
0.093 0.499950876983042  0.499950793650236  2.91269108763107
0.096 0.499943892293064  0.499943805929015  2.88296612264112
0.099 0.499936779432282  0.499936693464076  2.85261061664964
