%
0.003 0.499999995673412  0.499999995673412  3.15847560794871
0.006 0.499999996407157  0.499999996331843  3.15503282265551
0.009 0.499999997432984  0.499999997345989  3.14974081203424
0.012 0.499999998746379  0.499999999222254  3.14271459902893
0.015 0.500000001108035  0.500000002142727  3.13404051045534
0.018 0.500000008002543  0.500000009551829  3.12381565782575
0.021 0.500000028347955  0.500000030148677  3.11210216457294
0.024 0.500000063938616  0.500000065839352  3.09900722082879
0.027 0.500000080750925  0.500000082239511  3.08459532141927
0.03 0.500000098334161  0.500000099769984  3.068955874062
0.033 0.500000120825157  0.500000122464363  3.05216893603632
0.036 0.500000105836392  0.500000105415971  3.03432310513555
0.039 0.500000064103029  0.500000060430766  3.01549940235725
0.042 0.500000045877782  0.500000039711641  2.99578444274421
0.045 0.499999944936675  0.499999933115558  2.97524809392674
0.048 0.499999805606859  0.499999788123408  2.9539598829026
0.051 0.49999962401283  0.499999597137171  2.93200349850004
0.054 0.499999392516629  0.499999352352063  2.9094294798407
0.057 0.499999204660498  0.499999150813766  2.88631757658258
0.06 0.499998891845251  0.499998821121595  2.8626978106595
0.063 0.499998510698923  0.499998418930805  2.83862939654619
0.066 0.499998089195018  0.499997970935724  2.8141479430799
0.069 0.499997540382502  0.499997394906236  2.78931064841819
0.072 0.499997001169833  0.499996823008712  2.76413723749104
0.075 0.499996428818889  0.499996213294751  2.73866870506981
0.078 0.499995947037962  0.499995686431912  2.7129138945527
0.081 0.499995427730694  0.499995118458596  2.68690768551499
0.084 0.499994917798774  0.499994554239245  2.6606604828506
0.087 0.499994438250471  0.499994013740877  2.63419659496751
0.09 0.499993975511278  0.499993480867639  2.60751899758288
0.093 0.499993407278293  0.499992838484557  2.58066608622308
0.096 0.499992880400902  0.499992233221134  2.55362217156795
0.099 0.499992329667401  0.499991595353038  2.52641473082842
