%
0.003 -1.01060130652738e-06 -1.01060130759839e-06 -0.823313581444535
0.006 1.5783444035162e-07 1.49682816827269e-07 -1.46225672052845
0.009 8.0057954505446e-07 7.87997908528292e-07 -2.05727086188647
0.012 -1.11955371257845e-06 -1.05605585945888e-06 -2.62384489590659
0.015 1.74829524262304e-06 1.95303372066554e-06 -3.15188591923784
0.018 3.34556106387547e-07 4.6139656804469e-07 -3.65991857191952
0.021 1.30060892127754e-05 1.30564428761026e-05 -4.14025087940063
0.024 7.58044716329152e-06 7.59138211025211e-06 -4.5873923496405
0.027 5.07874357431365e-06 5.05639570981879e-06 -5.01251738934003
0.03 1.16608937764389e-05 1.17128805093996e-05 -5.41166426499758
0.033 -2.91700128001524e-06 -2.82511469991123e-06 -5.77357777761726
0.036 -8.76300468852326e-06 -1.09750328890532e-05 -6.11520142185149
0.039 -2.96087502738747e-05 -3.0433589722779e-05 -6.43457744945207
0.042 -1.9928592223729e-05 -2.10931435185308e-05 -6.70917786352524
0.045 -4.03599261969847e-05 -4.22444732530234e-05 -6.97516322817996
0.048 -6.45742790752665e-05 -6.663176773243e-05 -7.20766497770075
0.051 -6.32296967844719e-05 -6.86649826796323e-05 -7.42143286701121
0.054 -9.03003939009809e-05 -9.43065789737724e-05 -7.61960585829413
0.057 -0.000106265217955627 -0.000111972711000299 -7.79451284239904
0.06 -0.000104830987683507 -0.000110735832497261 -7.95625540316526
0.063 -0.000132382400079275 -0.000139137111579484 -8.09771451505308
0.066 -0.000168290550666736 -0.000177346603637088 -8.22881636421648
0.069 -0.00018419732893437 -0.000195394478608629 -8.33930739508707
0.072 -0.000185055645062298 -0.0001963022152105 -8.44630093729318
0.075 -0.000175352585764177 -0.000188402732857084 -8.54174850308126
0.078 -0.000162009752654554 -0.000177757391986305 -8.63480244314341
0.081 -0.000178337839258883 -0.000196483084951937 -8.7128140311751
0.084 -0.000167896853955064 -0.000186576334244036 -8.78861542204129
0.087 -0.000146578140320298 -0.000168491132008874 -8.85961765795269
0.09 -0.000170076064347305 -0.000193537214746313 -8.92257787234396
0.093 -0.000194641475306134 -0.000220454947293265 -8.98084396918003
0.096 -0.000190021323913796 -0.000217004271987098 -9.03419283853925
0.099 -0.000103777767579902 -0.000134701194340283 -9.09978128557958
