%
0.003 3.15461073579175e-07 3.15461087932827e-07 -0.936270090131971
0.006 1.34358713530984e-06 1.31576041338478e-06 -1.56337011782883
0.009 1.91634592438996e-06 1.91748535144535e-06 -2.14541923192818
0.012 3.42183748873231e-07 3.88883870615947e-07 -2.69578728709393
0.015 2.55216344777045e-06 2.69231072717046e-06 -3.21961193700998
0.018 8.65265241063083e-06 8.74934614733667e-06 -3.71378921832211
0.021 3.4995568772744e-07 3.88940771133674e-07 -4.17884001799357
0.024 3.11474897538644e-06 3.12738382677675e-06 -4.6153996969752
0.027 5.34547188081032e-06 5.50793312737445e-06 -5.02260133884724
0.03 -5.71074615318018e-06 -5.62429520738881e-06 -5.39536840414105
0.033 -2.0611826734654e-05 -2.03750582036015e-05 -5.75298371229618
0.036 -5.05784184204917e-05 -5.10680491752123e-05 -6.0696646446975
0.039 -5.66946650479382e-05 -5.65355095192338e-05 -6.36215292790257
0.042 -9.68647811427426e-05 -9.69983387684533e-05 -6.62788695335271
0.045 -0.000187853017313378 -0.000188139502386573 -6.87787739419985
0.048 -0.000229290937034021 -0.000229606648918084 -7.09793752869765
0.051 -0.000286838114854283 -0.000288164345848631 -7.29962972551085
0.054 -0.000315293086453863 -0.000315674520061411 -7.49724394925748
0.057 -0.000633641037218574 -0.000634768879111087 -7.67514660099406
0.06 -0.000644182547741724 -0.000645391563905251 -7.85221927266995
0.063 -0.000764677740555276 -0.000765801731989443 -8.02587274969359
0.066 -0.00074209353716698 -0.000744338746081416 -8.1934051858853
0.069 -0.000563884231405709 -0.000566618226434935 -8.36162590079731
0.072 -0.00122763195528242 -0.00123035728684318 -8.53126621180701
0.075 -0.00157986729423853 -0.00158234068188499 -8.70921754871831
0.078 -0.00127847732814078 -0.00128084640138362 -8.8822636541377
0.081 -0.00103494128174394 -0.00103751727068496 -9.0596224923478
0.084 -0.00183594535473703 -0.00183837264516591 -9.24424784273628
0.087 -0.00176244205788011 -0.00176440353293015 -9.422673138087
0.09 -0.00190289621707469 -0.00190415259118573 -9.61851045027419
0.093 -0.00235746770941726 -0.00235865903949043 -9.80935273613528
0.096 -0.00241650412092966 -0.00241725982263122 -10.0120737021567
0.099 -0.00223921916013805 -0.00223869979807761 -10.2174322825292
